0.00579132643801827
0.00814918583152202
0.0110438892238979
0.0135034918703664
0.0162613307720553
0.0181347297636133
0.0213749295056234
0.0235405878910404
0.0258143568755674
0.028194351151975
0.0306784944511616
0.0332645477457807
0.0359501351001947
0.0370018610905196
0.039815490159247
0.0427222926929643
0.0438437860569302
0.0468689683826521
0.0480266215686351
0.0511643887278712
0.0523556556532238
0.0556002545882247
0.0568226663874121
0.0601684228545118
0.0614195970376518
0.0648609446250153
0.0661385913477551
0.0674216318854403
0.0709720198530674
0.0722787535188282
0.0735901457785713
0.0772408652117218
0.0785733491942159
0.0799098156225293
0.081250132484624
0.0850077178025916
0.0863662113069618
0.0877279479236815
0.0915680874029522
0.092945782146997
0.0943261644735759
0.095709129383303
0.0970945743213711
0.101032292930926
0.102430839860774
0.103831380527524
0.105233824861958
0.106638084895149
0.110659807044614
0.112074628372993
0.113490840443429
0.114908366148114
0.116327130175972
0.120420566108159
0.12184763409554
0.123275569496783
0.124704306413435
0.126133780479694
0.127563928823916
0.131723590247197
0.133159777864283
0.134596322957842
0.136033170605023
0.137470267155317
0.138907560198803
0.140344998535281
0.14456188262371
0.146003171071937
0.147444339836905
0.148885344269755
0.150326140751104
0.151766686665698
0.15320694037776
0.154646861207015
0.158909038918424
0.160350761690536
0.161791934397683
0.163232521640384
0.164672488832585
0.166111802182012
0.167550428671072
0.168988336038256
0.170425492760061
0.174718798297111
0.176155895960108
0.177592068461616
0.179027288451024
0.180461529206702
0.181894764621188
0.183326969186768
0.184758117981442
0.186188186655262
0.187617151417034
0.191925897140005
0.193353156603333
0.19477917468048
0.196203930820729
0.197627404950377
0.19904957746182
0.200470429202922
0.201889941466666
0.203308095981066
0.204724874899339
0.206140260790336
0.210447917222181
0.211860177853585
0.213270939387846
0.214680186872608
0.216087905711042
0.217494081653975
0.218898700792206
0.220301749549018
0.221703214672886
0.223103083230355
0.2245013425991
0.225897980461163
0.227292984796351
0.231580098327001
0.232970714605031
0.234359618952127
0.235746801182938
0.237132251367392
0.238515959825243
0.23989791712075
0.241278114057479
0.242656541673238
0.244033191235129
0.245408054234714
0.24678112238331
0.248152387607378
0.252404336275709
0.253770250820216
0.255134304952282
0.256496491969482
0.257856805354151
0.259215238769571
0.260571786056229
0.261926441228187
0.263279198469509
0.264630052130785
0.265978996725742
0.267326026927908
0.268671137567381
0.27001432362765
0.271355580242497
0.275552500246768
0.276887603219276
0.278220736964355
0.279551897611778
0.280881081420544
0.282208284776302
0.283533504188816
0.284856736289499
0.286177977828989
0.287497225674793
0.288814476808966
0.290129728325855
0.291442977429888
0.292754221433402
0.294063457754533
0.29537068391514
0.299496814269199
0.300797283093495
0.302095715760442
0.303392110509692
0.304686465670102
0.305978779657992
0.307269050975452
0.308557278208671
0.309843460026316
0.311127595177928
0.31240968249237
0.313689720876291
0.314967709312632
0.316243646859162
0.317517532647039
0.318789365879405
0.320059145830012
0.321326871841867
0.325362877814737
0.326623399843877
0.327881853003959
0.329138237142434
0.330392552166221
0.331644798040578
0.332894974787986
0.334143082487054
0.335389121271454
0.336633091328876
0.337874992899994
0.339114826277467
0.340352591804945
0.341588289876109
0.342821920933718
0.344053485468683
0.345282984019152
0.346510417169622
0.350448592976053
0.351668543249648
0.352886421168303
0.354102227673834
0.355315963747686
0.356527630410182
0.357737228719777
0.358944759772336
0.360150224700415
0.36135362467257
0.362554960892664
0.363754234599196
0.364951447064643
0.366146599594809
0.367339693528193
0.368530730235361
0.369719711118337
0.370906637610004
0.37209151117351
0.373274333301693
0.377098269489875
0.378273448827919
0.37944657601444
0.380617652788273
0.38178668091342
0.382953662178556
0.384118598396555
0.38528149140401
0.38644234306077
0.387601155249488
0.388757929875169
0.389912668864732
0.39106537416658
0.392216047750174
0.393364691605619
0.394511307743251
0.395655898193242
0.396798465005202
0.397939010247791
0.399077536008342
0.400214044392486
0.403914348355681
0.405043163196258
0.406169964509789
0.40729475456843
0.408417535659585
0.409538310085595
0.410657080163417
0.411773848224327
0.412888616613611
0.414001387690276
0.415112163826751
0.416220947408607
0.417327740834279
0.41843254651478
0.419535366873439
0.420636204345631
0.421735061378515
0.422831940430777
0.423926843972378
0.425019774484303
0.426110734458317
0.42968547145034
0.430768771002225
0.431850107049427
0.432929482195411
0.434006899052337
0.435082360240852
0.436155868389885
0.43722742613645
0.438297036125443
0.43936470100945
0.440430423448558
0.441494206110163
0.44255605166879
0.443615962805907
0.444673942209749
0.445729992575143
0.446784116603334
0.447836317001814
0.44888659648416
0.449934957769866
0.450981403584179
0.452025936657947
0.45306855972746
0.456506004089372
0.45754107323681
0.458574241755748
0.459605512453217
0.460634888140293
0.461662371631951
0.462687965746949
0.463711673307685
0.464733497140083
0.46575344007346
0.466771504940409
0.467787694576678
0.46880201182105
0.469814459515226
0.470825040503717
0.471833757633722
0.472840613755028
0.473845611719889
0.474848754382931
